USER	/head	/neck	/torso	/left_elbow	/left_hand	/left_shoulder	/right_elbow	/right_hand	/right_shoulder	TIME
1	0.475781,-0.253085,-1.999388	0.476609,-0.061091,-1.994084	0.603340,0.018928,-1.947293	0.603323,0.292930,-1.947093	0.603341,-0.255075,-1.947293	0.286300,0.067734,-2.059918	0.292252,0.365696,-1.988162	0.348220,-0.251095,-2.051482	1494439555.961477
1	0.483641,-0.478590,-2.000845	0.475781,-0.253085,-1.999388	0.476609,-0.061091,-1.994084	0.603340,0.018928,-1.947293	0.603323,0.292930,-1.947093	0.603341,-0.255075,-1.947293	0.286300,0.067734,-2.059918	0.292252,0.365696,-1.988162	0.348220,-0.251095,-2.051482	1494439555.961477
1	0.528045,-0.473456,-1.991944	0.518717,-0.246912,-1.985203	0.519047,-0.055036,-1.976858	0.644080,0.024389,-1.928062	0.644065,0.298391,-1.927900	0.644080,-0.249613,-1.928062	0.326606,0.046118,-2.059341	0.316500,0.341493,-1.994938	0.393355,-0.244212,-2.042345	1494439556.092302
1	0.558351,-0.476397,-1.990267	0.546886,-0.251773,-1.978780	0.545726,-0.060126,-1.966558	0.671730,0.019269,-1.920515	0.671717,0.293271,-1.920369	0.671730,-0.254733,-1.920515	0.350183,0.043909,-2.054673	0.330174,0.338954,-1.994668	0.422042,-0.248813,-2.037045	1494439556.163923
1	0.608049,-0.476779,-1.970527	0.594842,-0.252714,-1.961969	0.591324,-0.061003,-1.950881	0.718020,0.019974,-1.900159	0.718010,0.293976,-1.900041	0.718020,-0.254028,-1.900159	0.398012,0.037534,-2.043199	0.360912,0.331854,-1.990481	0.471664,-0.251400,-2.023778	1494439556.294588
1	0.629885,-0.473265,-1.959897	0.616599,-0.247423,-1.952897	0.613255,-0.055594,-1.943845	0.739506,0.025778,-1.890519	0.739496,0.299780,-1.890413	0.739506,-0.248224,-1.890519	0.420340,0.037537,-2.035985	0.382563,0.331509,-1.981567	0.493692,-0.246622,-2.015276	1494439556.358541
1	0.665708,-0.474625,-1.950563	0.649446,-0.248978,-1.942822	0.644430,-0.057186,-1.933599	0.774369,0.025490,-1.884588	0.774362,0.299492,-1.884502	0.774370,-0.248512,-1.884588	0.453458,0.038404,-2.021399	0.421065,0.328833,-1.948598	0.524522,-0.249445,-2.001057	1494439556.491076
1	0.678376,-0.473692,-1.945327	0.659243,-0.248517,-1.939155	0.651620,-0.056773,-1.930922	0.785298,0.028108,-1.883521	0.785291,0.302110,-1.883443	0.785298,-0.245894,-1.883521	0.464038,0.035063,-2.015815	0.430894,0.323940,-1.937170	0.533188,-0.251140,-1.994790	1494439556.558546
1	0.689521,-0.471162,-1.940710	0.667792,-0.245182,-1.935321	0.658617,-0.053468,-1.927774	0.794923,0.032815,-1.882235	0.794918,0.306817,-1.882172	0.794924,-0.241187,-1.882235	0.473972,0.036133,-2.007088	0.435712,0.324373,-1.928024	0.540661,-0.249176,-1.988407	1494439556.692147
1	0.690922,-0.468942,-1.939465	0.668582,-0.243843,-1.934261	0.659006,-0.052129,-1.927160	0.796004,0.034585,-1.881898	0.795999,0.308587,-1.881842	0.796004,-0.239418,-1.881898	0.473632,0.036197,-2.006349	0.434735,0.325187,-1.930311	0.541160,-0.248268,-1.986625	1494439556.756675
1	0.679710,-0.471111,-1.939008	0.658600,-0.244450,-1.934069	0.650925,-0.052631,-1.927609	0.786076,0.032892,-1.881801	0.786072,0.306895,-1.881755	0.786076,-0.241110,-1.881801	0.466324,0.035343,-2.010484	0.426801,0.326303,-1.942765	0.531125,-0.247791,-1.986338	1494439556.895957
1	0.663877,-0.472155,-1.938972	0.645384,-0.245208,-1.937202	0.639785,-0.053265,-1.932604	0.772369,0.031216,-1.883671	0.772366,0.305219,-1.883630	0.772369,-0.242786,-1.883671	0.454214,0.030717,-2.018677	0.415211,0.321703,-1.950630	0.518398,-0.247630,-1.990733	1494439556.963187
1	0.616371,-0.472546,-1.964535	0.605804,-0.245605,-1.952557	0.608767,-0.054023,-1.939652	0.735414,0.023274,-1.906274	0.735411,0.297277,-1.906241	0.735414,-0.250728,-1.906274	0.417876,0.029899,-2.032207	0.377685,0.322490,-1.972507	0.476195,-0.240483,-1.998840	1494439557.094701
1	0.580633,-0.470217,-1.976786	0.572491,-0.242630,-1.963013	0.577549,-0.051193,-1.948465	0.702747,0.024560,-1.918657	0.702745,0.298562,-1.918627	0.702747,-0.249442,-1.918657	0.389889,0.031711,-2.039226	0.356518,0.326063,-1.984598	0.442235,-0.235818,-2.007368	1494439557.162361
1	0.494885,-0.467051,-2.000281	0.487734,-0.239726,-1.989873	0.493354,-0.048117,-1.977768	0.616764,0.027464,-1.941949	0.616763,0.301466,-1.941924	0.616765,-0.246538,-1.941949	0.316533,0.038156,-2.057703	0.293181,0.334702,-2.010081	0.358703,-0.232914,-2.037797	1494439557.287791
1	0.452938,-0.471382,-2.016472	0.446245,-0.245044,-2.005130	0.451830,-0.053426,-1.993007	0.575559,0.022203,-1.957928	0.575557,0.296205,-1.957907	0.575559,-0.251799,-1.957928	0.275544,0.041624,-2.070820	0.254294,0.338775,-2.025692	0.316932,-0.238288,-2.052333	1494439557.361759
1	0.386222,-0.479946,-2.038774	0.382696,-0.255122,-2.027710	0.389342,-0.063474,-2.016782	0.512827,0.011813,-1.982904	0.512826,0.285815,-1.982886	0.512828,-0.262189,-1.982904	0.204528,0.033174,-2.098621	0.180626,0.330505,-2.056376	0.252564,-0.248054,-2.072517	1494439557.491621
1	0.360702,-0.482430,-2.048319	0.356862,-0.257269,-2.037842	0.363361,-0.065599,-2.027095	0.487155,0.009826,-1.993435	0.487154,0.283828,-1.993419	0.487155,-0.264177,-1.993435	0.178429,0.029277,-2.107951	0.147880,0.325476,-2.062358	0.226569,-0.250361,-2.082248	1494439557.563610
1	0.328484,-0.482904,-2.059690	0.325430,-0.257220,-2.047530	0.333251,-0.065669,-2.035531	0.455550,0.008668,-2.002810	0.455549,0.282670,-2.002797	0.455550,-0.265334,-2.002810	0.143275,0.060894,-2.115959	0.107643,0.358864,-2.054495	0.195310,-0.249106,-2.092249	1494439557.696267
1	0.321224,-0.481380,-2.063381	0.317845,-0.254311,-2.049693	0.325930,-0.062865,-2.036237	0.448444,0.011138,-2.006468	0.448444,0.285140,-2.006456	0.448445,-0.262864,-2.006468	0.139330,0.048502,-2.115885	0.110621,0.345271,-2.057729	0.187245,-0.245757,-2.092918	1494439557.759770
1	0.319821,-0.481815,-2.054775	0.313114,-0.255530,-2.046094	0.317208,-0.063749,-2.036597	0.444755,0.013659,-2.005641	0.444754,0.287661,-2.005631	0.444755,-0.260344,-2.005641	0.133026,0.037534,-2.112704	0.118146,0.332903,-2.052157	0.181472,-0.250716,-2.086547	1494439557.892088
1	0.323220,-0.483077,-2.049554	0.313114,-0.255530,-2.046094	0.317208,-0.063749,-2.036597	0.445276,0.015876,-2.004567	0.444754,0.287661,-2.005631	0.444755,-0.260344,-2.005641	0.133026,0.037534,-2.112704	0.118146,0.332903,-2.052157	0.181472,-0.250716,-2.086547	1494439557.892088
